0,463
0,462
0,461
0,460
0,459
0,458
0,457
0,456
0,455
0,454
23,38
23,37
23,36
0,453
0,452
0,451
0,450
0,449
0,448
0,447
0,446
0,445
0,444
0,443
0,442
0,441
0,440
0,439
0,438
0,437
0,436
0,435
0,434
0,433
0,432
0,431
14,12
0,430
0,429
79,4
79,3
79,2
0,428
79,1
79,0
0,427
0,426
0,425
0,424
0,423
0,422
0,421
78,8
78,7
78,6
78,5
78,4
78,3
78,2
78,1
78,0
0,420
77,4
77,3
77,2
0,419
77,1
77,0
0,418
0,417
0,416
76,5
76,4
76,3
76,2
0,415
76,1
76,0
0,414
0,413
0,412
75,5
75,4
75,3
75,2
75,1
75,0
74,6
74,5
74,4
74,3
74,2
74,1
74,0
0,411
0,410
0,409
73,8
73,7
73,6
73,5
73,4
73,3
73,2
73,1
73,0
72,3
72,2
72,1
72,0
71,7
71,6
71,5
71,4
71,3
71,2
71,1
71,0
70,5
70,4
70,3
70,2
70,1
70,0
69,3
69,2
69,1
69,0
14,11
68,14
68,13
68,12
68,11
68,10
68,9
68,8
68,7
68,6
68,5
68,4
68,3
68,2
68,1
68,0
0,408
0,407
14,10
67,6
67,5
67,4
67,3
67,2
0,406
67,1
67,0
0,405
0,404
0,403
0,402
0,401
0,400
0,399
0,398
66,5
66,4
66,3
66,2
66,1
66,0
0,397
0,396
0,395
0,394
0,393
0,392
0,391
65,8
65,7
65,6
65,5
65,4
65,3
65,2
0,390
65,1
65,0
64,5
64,4
64,3
64,2
64,1
64,0
0,389
0,388
63,5
63,4
63,3
63,2
0,387
63,1
63,0
0,386
62,9
62,8
62,7
62,6
62,5
62,4
62,3
62,2
0,385
62,1
62,0
0,384
0,383
0,382
0,381
0,380
0,379
61,6
61,5
61,4
61,3
61,2
61,1
61,0
60,8
60,7
60,6
60,5
60,4
60,3
60,2
60,1
60,0
59,7
59,6
59,5
59,4
